0.02457559796650609     0.024593592443009276     0.018655751290308675     -1.4860068885356     4.724467446137928e-05     0.021031548187963767     0
0.012118556120186159     0.02081616256396633     0.013125681995888023     0.9138807304991835     1.080335652081161e-05     0.012252175270634762     0
0.008459752685924329     0.008645450028409187     0.004733330406431325     0.09070623858811146     5.131225774329225e-06     0.004409470736414144     0
0.06290161325148921     0.04928801968843198     0.00028622974044275397     1.844219393156454     0.00019735641965155785     -0.003293300755975083     1
0.14461069144285824     0.10918008979913907     0.04459727822916852     -0.23793983197931945     0.0026210102788715352     0.05765068300324128     1
0.010531680459696123     -0.025822391443157684     -0.032838586735172474     0.8213799836741106     9.619497791053819e-06     -0.034480896789918176     0
0.013140813313279695     -0.012369389099268935     -0.018049813433335796     -0.3735496038519725     1.3556800788938927e-05     -0.01685845269584562     0
0.0028555870280043433     -0.01175016412024391     -0.012710456034764126     -0.9505102529975138     8.258992966936653e-07     -0.012336013814297095     0
0.005663442358039398     -0.008512511532508088     -0.010744173890392209     -0.5251023649713701     3.820163313734573e-06     -0.009614123942509982     0
0.0046355043583971335     -0.00539265694878968     -0.007191430476669545     -0.5347255494364157     1.4260502131929477e-06     -0.007155907157390565     0
0.006231382362075743     -0.003825109304938562     -0.006059185471750703     -0.6104668265525414     3.288777600986604e-06     -0.005768844138699883     0
0.003303888895424081     -0.0007054211117456737     -0.0021606877949829012     -0.4190633734365856     4.5622055442277314e-07     -0.0021476575585865723     0
0.005849311226101044     -0.0004914848384552222     -0.0026983365710507154     -0.7281768621590903     3.589474786530854e-06     -0.002074756309461317     0
0.0038801397886368497     -0.00063482270940824     -0.0021448026078716826     -0.6867561017940159     1.567186284376853e-06     -0.001686978945292252     0
0.005804387070767797     0.0014767862437791122     -0.0018846951073095968     0.39213162978802524     4.418138108285656e-06     -0.0030366150664107813     0
0.04999889330275685     0.042230355386073705     0.014488988075094423     0.14242803745758478     0.0003215015957596697     0.016412083049485864     2
0.03267968194258446     0.016011568218060032     -0.009408400376641243     1.4855462882643862     9.794852325617638e-05     -0.013803543070413336     0
0.017693177987796734     0.005504248289828313     -0.0017889344662298172     -0.4034648819611328     3.035839973864265e-05     -0.0010989588953775617     0
0.00504236680726529     0.010853171583551325     0.007958749899446267     0.8240977980987401     1.5755274267841924e-06     0.007768827308996225     0
0.004562616835558336     0.010726602675809136     0.007709064573065847     0.6940190585643937     1.1170476711842698e-06     0.0075834853559571215     0
0.00666949656256592     0.007820500995133792     0.0044721015714332705     0.020482018085833244     5.050836019694069e-06     0.004254482423117997     0
0.0032544875167793376     0.004425346248998354     0.0028907241492768213     -0.1651152428321285     1.0805708507886046e-06     0.0032259622284579706     0
0.0032976292688063156     0.002179900540487477     0.0005412680864662222     -0.31798600631335744     7.299971879233096e-07     0.0006955358162509044     0
0.004345970725424074     0.003066020499923221     0.0007764604663162009     0.6736689151741225     1.147382169607255e-06     0.000618106085406735     0
0.002826373446726367     -0.0014486302959695408     -0.002913105023817951     0.03012162500673107     7.684021351387701e-07     -0.002947099665214644     0
0.0029448086343863886     -0.002265340032618758     -0.0033181295185562088     -0.8428409421200662     8.884802730090336e-07     -0.0029307609537791903     0
0.1380590624254451     0.12375021882817155     0.03889665839658444     0.5185166361181788     0.0029844293260509864     0.0041835638116069366     1
0.14340231332690556     0.10438113557457449     -0.007451713257171161     1.2818241348879986     0.0018509053867941509     -0.03293615093383399     1
0.01859974171577049     -0.019431552534056037     -0.029316857316116322     -0.1487868984449365     3.3361262454616696e-05     -0.027479950367936098     0
0.010592686119658348     -0.008493767589481003     -0.012614133006532366     -0.5876824326874364     9.408709100261162e-06     -0.011117842962186533     0
0.005501475352548937     -0.002858355214507812     -0.0054416612379480245     -0.14931557087825015     3.4369952559147263e-06     -0.005119158046483771     0
0.003335722212820134     -0.0012795769443180525     -0.0029330552844530145     0.3639606736421998     8.48054553388322e-07     -0.003021644131460489     0
0.008643359422489501     -0.0047138014087687325     -0.008587980085681821     -0.5672659634712119     7.569086190694145e-06     -0.007278926033363217     0
0.011551823407097393     0.003963492919395823     -0.001966864683786322     0.21099040288655482     1.8196725046800132e-05     -0.0030558702903131564     0
0.004783404089838547     0.008199665333793793     0.005866234120627708     -0.41582620370637363     2.04889409598335e-06     0.006186492118334556     0
0.002274616892190524     0.008111770747101564     0.007020260333295682     -0.30941392239568366     3.8223035546753065e-07     0.0071181746372741325     0
0.0066246121980526465     0.0071141562204067735     0.004542479753036013     -0.4727028788011436     4.168182558344971e-06     0.005119462037128589     0
0.008231140355441173     0.004501633185018906     0.0014975590907208983     -0.804058314557605     5.896272812348248e-06     0.0016817538037455823     0
0.013010492089866177     0.009246837189853377     -0.000905229439285823     1.3430528756001425     8.655604396956307e-06     -0.0019137969614276544     0
0.10976048286955359     0.10131592467786651     0.05801488166912092     -0.31290973505955433     0.0011326823857132791     0.06306435320260255     2
0.01979672371103317     -0.01048157048252802     -0.025387416886532874     1.6855084644902352     1.5081840314052276e-05     -0.026041407274890502     0
0.008386973857490628     -0.014838514935644096     -0.018667334540606945     -0.15985386365272128     7.173634436070692e-06     -0.018497811632892807     0
0.004461282983728174     -0.010426099872002506     -0.012622019329926645     -0.16662060654556768     1.868360993648639e-06     -0.012599233345875873     0
0.007806822334208653     -0.0021610943263471677     -0.004690197052266401     -0.6725945437107519     3.17606047990232e-06     -0.004545814492003141     0
0.0043965092175589585     -0.00023579140877794295     -0.0030478056168420425     0.8907519148897555     1.750048654047754e-06     -0.0035186036028009475     0
0.005711311518420871     0.000806409299960588     -0.0016938899495085355     -0.0390941630465238     2.243235138807088e-06     -0.0019195324051414536     0
0.0057733487706104975     0.003698335991324753     0.0015557921948707713     -0.779753733941527     3.5452033516999706e-06     0.0023299432739658315     0
0.004603537171574965     0.00209188665164246     -0.00018865906182468476     0.2630151832720904     2.176970115602117e-06     -0.0006805917027919854     0
0.0056577006417152746     0.001651117570235143     -0.0005998113617342417     -0.5341411897999345     1.731853488196054e-06     -0.00044457536724983265     0
0.097013042006619     0.09137509625343271     0.012610492122574096     1.6383935120467477     0.0007692667989519763     -0.0021529992819922118     1
0.13472498327233767     0.10868417341602041     0.033719197887487125     0.1594901617032152     0.002597447566177881     0.02856302940937055     1
0.010120295169096554     -0.018395265637696123     -0.02348303694061853     -0.06864928485707385     1.4391068958108646e-05     -0.023042550009646837     0
0.01045251387317557     -0.008620559858282473     -0.013736391418513374     -0.06581340507135879     1.3117453005057072e-05     -0.013347329542860583     0
0.004384007199761808     -0.00416391928094299     -0.006367272582379774     -0.19452661547520664     1.9929042620441355e-06     -0.0062055393950322755     0
0.004868637782283531     9.124825712400457e-05     -0.002404715639245429     0.1957866686832912     2.950704926748078e-06     -0.002681576665228874     0
0.006829319275728205     0.0015656843808571576     -0.0014863354988069936     -0.08874772094786725     5.800467761057037e-06     -0.001406737500253454     0
0.009170604008563817     8.660781758946029e-05     -0.004550611117287295     -0.05407237963139993     1.062392463398283e-05     -0.004430469474049594     0
0.004944615771138947     0.002701281124837397     0.0011864306078133054     -0.7446199919766829     1.90820634628382e-06     0.0018870670766091603     0
0.00835438283368049     0.008667295730805404     0.00433027515985212     0.09246032731635041     7.631789099562296e-06     0.003957716910377185     0
0.005587150735505158     0.0027076652976352903     0.00013882416196222812     -0.13808475782645976     2.6630224128281934e-06     7.383122393454699e-05     0
0.05522220549312509     0.04594793156364766     0.02059086543593986     -0.02000539569406729     0.0003230847545636496     0.01992172911294479     2
0.01347552504037423     -0.0015908331276628647     -0.009856165226254505     0.3168574618652043     1.4103616258796027e-05     -0.009468500308732737     0
0.008132450478432626     0.006766310216265011     0.0030693552585629854     -0.2867647033242687     6.535247552547328e-06     0.003634049596867321     0
0.008340966176640222     0.011574093679176918     0.007597280090641773     -0.10896832428557117     6.775567060196884e-06     0.007200182952762486     0
0.005653185020175994     0.006978536995193936     0.004666331092965371     -0.6738405058106984     3.6421455080259325e-06     0.0052797194481145815     0
0.003166996753111048     0.004253815967877419     0.002617127560911831     0.35608888084692464     1.030347101104658e-06     0.002324891242146043     0
0.005359753381844377     0.0030618964583781693     0.0010644522243960384     -0.9538445318744584     2.040445756033527e-06     0.0015586399476403357     0
0.0048554963029152146     -0.0020048300438944957     -0.004474330828096987     -0.20729701339992304     2.142315631077441e-06     -0.0041062119436641766     0
0.004986629347272004     -0.0044676490960000054     -0.0067439315205968615     -0.502713227448354     2.283161576312112e-06     -0.0061801747663006055     0
0.002854907618172263     -0.0022671739180459005     -0.003475121502636196     -0.3607530901696434     8.367169557213567e-07     -0.0032084664783781493     0
0.007485836934150671     -0.0018096263829096083     -0.004539456085661744     -0.9616314533807436     5.258879126535126e-06     -0.0032471858352975946     0
0.007134316226831571     0.003968432077569942     0.000467281466825044     -0.09047958855333758     4.158878049611516e-06     0.0003373307216399639     0
0.005269548313497947     0.0037162851573366825     0.002370444593704256     -1.7300885325607134     2.007927941226317e-06     0.0027371954248649297     0
0.07122984868557841     0.06758179330832648     0.005736151150726787     2.3873821767984325     0.0002510585248863252     -0.0011994145098258447     1
0.2563962618473164     0.21793849098473392     0.08930913248767192     -0.03178539634731082     0.00831580904753082     0.09403051743408151     1
0.009116768001776611     -0.03798042404451     -0.042240996915329086     -0.36004380528051694     7.156863999936675e-06     -0.042023554976901294     0
0.012081155436459916     -0.027055539401164053     -0.03519637879729295     0.9311213791880227     1.0928979490372033e-05     -0.0357416913119484     0
0.00776488217961083     -0.019178634741119572     -0.022475373470085328     -0.516792248323555     7.676511341857244e-06     -0.02141565285579897     0
0.004576250037504351     -0.01443645266932747     -0.016949168440973147     0.2661463045019289     2.3870674504722283e-06     -0.01722049252199255     0
0.011170622861555537     -0.005143964371199059     -0.010076637441741731     -0.3392822001342051     1.174356078400704e-05     -0.008586171949484439     0
0.01383638307184215     0.002092076973059057     -0.006308338931602669     0.5083420593251684     1.9539480892539803e-05     -0.008565704178248786     0
0.005784265838161025     0.0036204029479560604     0.0016054766096478905     -0.5807499360569591     3.5687651619788725e-06     0.0026637583108687756     0
0.009539954769393039     0.005437971787229945     0.0007029052939626694     -0.04210556579817861     1.2084520526244886e-05     0.0008931823729706717     0
0.00851357365724189     0.012044275170051104     0.007380524978019015     0.1611658793918432     7.741642264169407e-06     0.006975191007878686     0
0.006912419358873933     0.012498097122178678     0.010924815392629288     -2.346613219273583     1.4823514317693629e-06     0.01112993905842857     0
0.11697307017074188     0.10950721473666382     0.039818781691574844     0.44270112962593383     0.002136953979969721     0.014778856441833377     1
0.12048831504620675     0.08910837605303319     -0.002035370301560164     1.1676262415385599     0.0012058715685149164     -0.022551575388873823     1
0.010959760745567574     -0.012648997266410207     -0.019532218559031807     0.7324116554060143     1.3618446381971926e-05     -0.021477976550684827     0
0.011748551488312603     -0.0007573045252611182     -0.004108438020186978     -1.1735897101116235     1.140360941157507e-05     -0.0034546393116150244     0
0.002847791045269212     -0.000130629324725207     -0.0009777993333571885     -1.1857038468660837     7.195825821846846e-07     -0.0005579614766969962     0
0.005032217270280819     0.0013320459294383826     -0.000765372135219459     -0.42896360356635     2.5046810144110154e-06     -0.0003144502658405284     0
0.00465759559659357     0.0021319036327499025     0.00012657705300778136     -0.5734648889419914     2.306518763083588e-06     0.000645954533325297     0
0.0018858649933646827     -0.0007293284032947645     -0.0018337897696590858     0.4308919630658449     3.9539541313115097e-07     -0.0019269950733233037     0
0.005404353395666474     0.004968602065218994     0.002995384907013799     -0.5918389419878517     1.928318631040823e-06     0.003285294507996992     0
0.0028397071014434065     0.00425910492218917     0.0031284261882348805     -0.6421661003750092     5.827528614030669e-07     0.003192012336340631     0
0.0027589154360850715     0.004030128310194858     0.002585030609328303     0.07627052988712811     9.580645128613203e-07     0.002548366036542044     0
0.007775320142019627     0.003338367716400871     0.00125682177325878     -1.0604363937136951     4.065440973154549e-06     0.002145126941509344     0
0.11405843756049668     0.10278066166485414     0.019481314681031273     1.0465277876114907     0.0014567929281224727     -0.004854248056441563     1
0.13122273844094992     0.10304047223813508     0.009964683881757409     0.8968778589295453     0.0019978812625228316     -0.013144643204718061     1
0.014575163588145368     -0.011464658632366832     -0.018330245586629892     -0.07873252772705877     2.2538237310072428e-05     -0.018100353145370764     0
0.0069999891942351235     -0.0061918835782531255     -0.010397474930747547     0.6553246601399141     4.17034172445769e-06     -0.01088853567732436     0
0.004830451174570117     -0.001246104108923265     -0.0027368943032985513     -0.9191051936260065     1.9238080544895777e-06     -0.0022122125094355158     0
0.002755483865969825     -0.0014354389551113616     -0.0026063201888168494     -0.6815763600567476     5.42851181451442e-07     -0.0024500756666132983     0
0.005669554554076506     0.0019704509017322096     -0.0008802703850022847     0.35707581766803514     2.2841749216899275e-06     -0.0012640307922783406     0
0.005526656408441575     0.0007223881556006431     -0.002025459836581102     0.01945720369688353     3.164257181831005e-06     -0.0019957003384208955     0
0.005522672033417447     0.0024972982447719772     0.00023460347827324547     -0.6816886478233245     2.459650072509596e-06     0.0004582513309929791     0
0.006168702684226232     0.0011987969585538383     -0.0022912556860322517     -0.1834640876421988     2.442910198737822e-06     -0.001909384702116326     0
0.005550323882837112     0.004184627399541283     0.001108523930782683     0.27331362949624727     3.035755851431295e-06     0.0010795902870418652     0
0.005541146754108696     0.00015370271556759398     -0.002630732523693926     -0.17964808873463456     3.237581068723577e-06     -0.0021352113288049834     0
0.17981059471931804     0.17398308488343098     0.0461886256222662     0.8969361717392643     0.004496902970536549     0.00041074743184550347     1
0.21642116140899847     0.17001937517866475     0.010439869493535951     1.0401397923581537     0.004860322573512357     -0.026955253241442805     1
0.013104247590677784     -0.030455847492704004     -0.03548081492608624     -0.32585711152133884     1.962810183225144e-05     -0.034665068300439805     0
0.011518168763783906     -0.018984419151505012     -0.02297110123336545     -0.7969567442774982     1.4918723050237544e-05     -0.020353077164647574     0
0.011451414275870101     -0.007240688835824947     -0.011772786139805643     -0.12114043198062882     1.1165594743351321e-05     -0.01268842625966471     0
0.007660354706426256     -0.0004714656078581198     -0.003950525495574974     0.03438164982132323     6.854668290808472e-06     -0.004811107432262771     0
0.0037242111982035268     -0.00012022646925310904     -0.001886703493070673     -0.2928097090161935     1.749359516046681e-06     -0.0015298910583205951     0
0.004831024112492595     0.0034943669628901206     0.0014709856334735997     -0.2525695009842329     2.632950562019771e-06     0.00156136070378736     0
0.004262034195307994     0.004726959821121851     0.0027609361681740167     -0.07681356787393748     1.4744343187797967e-06     0.0024900270055141656     0
0.004360044819656286     0.004734275504990625     0.002465783590648734     -0.22650321971575582     1.138884597289973e-06     0.002496769012938748     0
0.005287495651963377     0.006085116740684425     0.004076705136968345     -0.6041866349715279     3.14213859330846e-06     0.004854391456117229     0
0.0031280307155916115     0.003921956024466572     0.00257539199435363     -0.3388590091791336     9.835742686552448e-07     0.0027077508575726553     0
0.008926413398753056     0.0062705305753158825     0.0036369395776361204     -0.6900574839729818     3.862377080802352e-06     0.00343733154956172     0
0.1216297850530014     0.11530743741284531     0.05327135286815669     -0.006849443948322866     0.0018602125708657112     0.053851203281645915     2
0.04047235813465089     0.011905518677313223     -0.021880278623149285     2.0609608719875885     8.794014426265239e-05     -0.025776811060691775     0
0.01075754438177091     -0.012064580112300806     -0.018597749007729356     1.0608410167704565     5.3841804540395154e-06     -0.01909513393284942     0
0.007352262790513194     -0.004418354444116933     -0.007697046761991177     -0.06725438461343203     6.900888340689268e-06     -0.00784006665929656     0
0.0035403095669269097     -0.001985314493654204     -0.0035692379979664567     -0.4660814245344792     8.921228784866725e-07     -0.003501618185781205     0
0.003244109519552738     0.000572946403589213     -0.0010571384680037922     0.04460600049786     7.775333714790871e-07     -0.0011134130682043937     0
0.0060525760142600814     -0.0022897178966818847     -0.004813176195000254     -0.43249125910628256     3.6826771906199925e-06     -0.004316459599811584     0
0.004824277588331972     0.0005859514876243289     -0.0018280313043141112     -0.04425425289938025     2.6663607824280157e-06     -0.0017861636651942245     0
0.008100984775049514     0.008442337309060667     0.004369577232210458     -0.450432471692779     4.300190044973208e-06     0.004542763361044952     0
0.003815753385938179     0.008550005696520839     0.006901207887483843     -0.5797479154512231     9.322928823284661e-07     0.007100675915178898     0
0.003568670684322443     0.007813797650524737     0.005750400217927308     0.6656616106424325     9.82454344716522e-07     0.005391054851002373     0
0.003867087081848684     0.0071150853899682115     0.004645323688043106     0.9456385493768943     1.1231158922956549e-06     0.004385275605382631     0
0.004757132215109674     0.006812547730579662     0.004136153976750365     -0.00029876935957349793     1.4685418167071718e-06     0.004318790017303655     0
0.08793950659183782     0.0815691405396996     0.010841362775574999     1.7481058765215418     0.0004974712064264733     0.0015544017163759858     1
0.14126066455416858     0.10118462110634148     0.023410604084745133     0.18919314866676504     0.0026344181734734035     0.015734576989870585     1
0.021060213250313025     -0.021608880474997438     -0.03422962223796349     0.3406963751504962     5.107211554026745e-05     -0.03591591331125077     0
0.01351052155388378     -0.008090015996971418     -0.01274917909872219     -0.7059176806867454     1.999612417064368e-05     -0.011374700517412531     0
0.007382192542390908     -0.0005806061899210894     -0.0035715700879152676     -0.2879094376528163     5.39151590472785e-06     -0.003406708478003905     0
0.006826238145538484     -0.0007401358262680087     -0.0038707648399100036     -0.2548549620059961     5.373406195119491e-06     -0.003499712565573586     0
0.006914743151310504     0.0036521112507886468     8.440603953888592e-05     0.03829907839422107     4.336594792247694e-06     -2.7821118672759706e-05     0
0.0039084739685643554     0.001176266925765978     -0.0007163651972677848     -0.09124488344639693     1.3080034334924273e-06     -0.0006581446146104408     0
0.003565517787715456     0.0012617893849005124     -0.0003573149577246636     0.30327300865720347     6.544813934764852e-07     -0.0005197902342131659     0
0.009004436035206731     0.005173783041937009     0.001017540599148064     -0.266659297219478     9.448656027739575e-06     0.0016809618089157832     0
0.005220495523670767     0.00421082764648405     0.0013890914750943348     0.22044253485924253     2.5718616179355745e-06     0.001476600936983726     0
0.0025008409742068045     0.0014535224904796333     0.00022001869723729534     0.013544431321044168     4.824087745545761e-07     0.00026644081929164175     0
0.017135381629618213     0.005997487488082404     -0.0047148929542780976     -0.359018496368988     1.2194436236276347e-05     -0.003153963899948266     0
0.15782591268844356     0.1401135410446596     0.0700307839365867     -0.13461905975709723     0.002454361316568796     0.07148837057778835     2
0.01783128020136703     -0.01966357178614166     -0.03360984814241785     1.2662811245197616     1.5090410260564493e-05     -0.03465709346249566     0
0.016571068047801556     -0.013401831893053408     -0.02164071563511924     0.041494348547385235     3.084045069474254e-05     -0.02137139320734375     0
0.00807623900846952     -0.0051392886509838915     -0.0093304769324929     0.5717542808212259     5.524431996592749e-06     -0.010344344111766119     0
0.0032208196992699707     -0.006362346862494876     -0.007395637125781631     -1.181470013084257     4.363733469373867e-07     -0.007220480589095717     0
0.005383308525109963     -0.0006686618564371409     -0.0026836897165956994     -0.36114240558182287     2.4828680883857094e-06     -0.001953248134006847     0
0.004780049456748337     0.00023797376492462691     -0.0023049915954835333     -0.1483396470083836     1.937591455043537e-06     -0.002116010143447816     0
0.0031112042868538647     0.003016161337932739     0.0013268265011192961     0.10221355871941523     9.464429715528776e-07     0.0013478574964223544     0
0.0042073111478448     0.00339968835396169     0.0011534140501305997     0.3652141988639139     1.6223602314464696e-06     0.0007784433194741023     0
0.0038930918412641196     0.006946672817379871     0.004596512635417549     0.4891343021798808     1.4385586807061893e-06     0.004396396634911999     0
0.005939157528613072     0.006509716845561706     0.003256479486954322     -0.1766594656098168     3.001748021748113e-06     0.003733205710669867     0
0.003739834406156422     0.00261995997757562     0.0009432363891888338     -0.31105232420169576     1.6099711600616166e-06     0.0011723772870471136     0
0.006005561928821326     0.001325987992540574     -0.0020285218574654274     0.3834798828309444     3.4525768176514567e-06     -0.002507817804402341     0
0.1521744929154794     0.15022652169925968     0.05242805415503623     0.6119929225426909     0.0035298417420486375     0.018309636574593252     1
0.18760133278611993     0.14797994046081128     0.014165740148115011     0.90393809695671     0.0038596851585321486     -0.016955892301495783     1
0.010792675410466333     -0.027276695262754756     -0.03211168227433718     -0.37711391548418866     1.0402540622637111e-05     -0.03150571028862779     0
0.008582030386639908     -0.01841720329739117     -0.021872684495793864     -0.27765077875510386     7.276455805815883e-06     -0.02146288482132996     0
0.014028300240372368     -0.007427160132917399     -0.014133218062979618     -0.362951664001564     2.362992665186403e-05     -0.012926657421992466     0
0.003163393610247741     -0.004261245491091039     -0.0056900393081456765     -0.6019195217543329     7.933128523741055e-07     -0.005431569003504151     0
0.004498132822876302     -0.002799812670523639     -0.004993201617380589     0.6463876849545289     1.0853635762760197e-06     -0.005413085815944997     0
0.007901375342307154     -0.005145935788037725     -0.009795631591497198     0.2128855502265923     4.546870887221371e-06     -0.009810812281987533     0
0.010875913667952004     0.005940656922163061     0.00017632858351337335     0.03022745944696382     1.3593388391758418e-05     7.368962036974392e-05     0
0.0034587864384335535     0.009562133424440945     0.007618348439139141     0.30876393917154416     1.3065649278536735e-06     0.007169429676874758     0
0.0032651259380967234     0.011032183497466683     0.009409853606969323     -0.14431463804859482     8.253358285633609e-07     0.00952162893351089     0
0.004803664648840075     0.013019193218591189     0.010751465918010005     -0.5183225508830754     2.3970574211772153e-06     0.01126497278487167     0
0.0038257323494692436     0.012063525788929833     0.009560910991439436     0.8078853299401488     1.3860982394677386e-06     0.009018050638362547     0
0.013571260763516526     0.008177663879569228     0.0021699969355661103     -0.3045576515999967     2.5616074934814366e-05     0.004120972525864195     0
0.005796217962048225     -0.0029708354810788645     -0.0060557620495101105     0.3239583073080651     2.0249627148171498e-06     -0.00613049608483976     0
0.12184200297475857     0.09913847170341625     0.045982351414299426     -0.1380024755303321     0.0014824978521663288     0.045829647755428804     2
0.0113371581368535     -0.019227156638374158     -0.02606509606752043     0.4586425615825754     1.1765438698717715e-05     -0.027049609789451846     0
0.01164488504448626     -0.007268060436029651     -0.012340428253293073     -0.9503739044651944     6.0124551666837324e-06     -0.01181772794943205     0
0.004418574351167643     -0.0024287990551864072     -0.0045066691789352195     0.42066779454122877     1.273511584738759e-06     -0.004855906664706106     0
0.004088496053854986     0.0005658040411863533     -0.0015196672907176704     -0.12502142924450227     1.3279302848932303e-06     -0.0012543304489933396     0
0.0030392570839867473     0.0012910000579918215     -0.0006827806301388225     0.6357490715445065     8.176982671504328e-07     -0.00099108902561864     0
0.002518789840982635     -0.0009663835333423482     -0.00231273180973581     0.05891427686979486     7.203169818198385e-07     -0.0024434963686613886     0
0.004371278836022359     0.0016451375398822486     -0.0007802073927905884     0.20149286169424413     1.7165827228750261e-06     -0.0007887077192616938     0
0.0047470483875880504     0.0020520050476882604     0.0001661693715841342     -0.5723867823464471     2.7926823625404025e-06     0.0007030734290485707     0
0.0028041270947506973     0.0025835830838367327     0.0010562223913015934     0.3339691353932924     8.049506955015191e-07     0.0007977083434631548     0
0.005376971662861716     0.003970242482630038     0.0018928786062945028     -0.6674344803256478     2.0104130064728873e-06     0.002164700502868168     0
0.06671396563296329     0.05767380538410742     0.0009910941544397712     2.1492313832772596     0.00024027377201732392     -0.005531300933834819     1
0.14246475738186243     0.11383031677582679     0.0534454401447192     -0.33037488573308194     0.002577030260136447     0.0650582094391561     1
0.010266664374070408     -0.022694685655414756     -0.029181162945799654     0.6095282351715936     1.116785326200732e-05     -0.0302423996591325     0
0.013054763717715323     -0.009545271885488234     -0.01590670023300721     -0.10489517768172232     1.8190904447282656e-05     -0.01556949100155873     0
0.006414158194664664     -0.006292056848938224     -0.01017546911947618     0.3474447953167059     3.919604202122338e-06     -0.010335856654875176     0
0.003336568575563536     -0.0040357905444077     -0.005288877644703019     -0.6452234126036451     1.1732169896035389e-06     -0.005003378210204266     0
0.0029895305376103558     -0.002122757758332847     -0.003970942132610407     0.6566926573009396     7.66302139640614e-07     -0.00419985615470682     0
0.0032211443985232686     -0.0028217756971798133     -0.00486028248989647     0.5168364567257512     5.238998607293092e-07     -0.004858013700220107     0
0.0029075400455160745     -0.00032307131453019044     -0.0023331289088489647     1.0037833686406026     5.186344033126584e-07     -0.002531054105012011     0
0.0025685120673890442     0.0019495288595334586     0.0008576064467321181     -0.3567133622459001     5.519619399878282e-07     0.0010048734653711573     0
0.004085200659077562     0.005197965781431996     0.0028538213238055053     0.46286340464703934     2.156195596937192e-06     0.0020494430694372023     0
0.0047629911715800066     0.005691388092637839     0.004148059982783731     -0.9246310363345048     1.4286846173888768e-06     0.00421205860041657     0
0.06331045812104943     0.061106299604549996     0.010049481395084554     1.510146045547405     0.0003425632077162754     -2.519892996971316e-05     1
0.09019183312961973     0.06492112168860259     0.01333416233288509     0.3306127405195882     0.0011944190688676355     0.0037684460166641075     1
0.020302395848179177     -0.004653712183987242     -0.01629027622091356     0.27499221325425593     3.972335649739113e-05     -0.017256232381862316     0
0.006843874455001231     0.0023680692394320037     -0.0013307116012541628     0.19826221446838177     5.743530170313504e-06     -0.0015951848735411308     0
0.0035659631114408883     0.003273659256168466     0.0014495343967876368     0.00035513182574488605     1.105794019678545e-06     0.0015863538023170433     0
0.002456773721944879     0.002643111389542364     0.0013082587529703363     0.15085842790054835     7.00886885007682e-07     0.0009035387232038722     0
0.005776323408150108     0.004073989999216362     0.0007238671847053898     0.5881700714434291     3.4382392457806666e-06     3.163730740611002e-05     0
0.005526929806634828     0.0034868876511922682     0.0007639704233878683     0.04646943967589772     3.9055367771990875e-06     0.0005853275777159767     0
0.0037081369524267424     0.003182414091654311     0.0013099911350137753     -0.09436925953096972     8.282806381249146e-07     0.0012286015090457547     0
0.003802974204296296     0.0009467223456287526     -0.0004809491962523909     -0.6152585037894434     1.248262119422166e-06     -0.00042389040840510217     0
0.006126389280060044     0.002192945604735782     -0.0006274123399406446     -0.27633221684615944     3.207093909818283e-06     -0.0004399071934580528     0
0.002886561050973963     -0.002132318387930804     -0.003911805375823862     0.5632579924080697     6.349863846344554e-07     -0.004128680759733767     0
0.08945540837343854     0.08365808270125082     0.007546598602764294     1.9818251614854927     0.0005453953040471972     -0.004328029407183281     1
0.15188950297548093     0.11466640144258325     0.04305605578295091     -0.08969620065450568     0.0031928913963017104     0.04596379972251722     1
0.008601576439521232     -0.031728409929024703     -0.03647900820489356     -0.22209542225143503     5.102594248699226e-06     -0.03578693964828535     0
0.016038060297208393     -0.015131792648589212     -0.0225567548119752     0.1493167446448656     2.844825966586801e-05     -0.024030544595645475     0
0.009856385057063047     -0.004988493234203161     -0.00794538710603587     -1.0701634603126744     6.981966473760076e-06     -0.0071397400390471035     0
0.006332274431550872     0.00027137466394595535     -0.0015613158220191305     -1.4148132147986612     2.2288733732462742e-06     -0.001069491052256452     0
0.004066735210946962     0.0011549028324323726     -0.0011314256996316269     0.4807452755905373     1.5875784419353671e-06     -0.0015578245475475602     0
0.0076909860890949     0.00437156896514055     -0.00018753002806372134     0.5546463263406072     4.9659851260124506e-06     -0.0005258231620983055     0
0.00552151644533363     0.004082450445745742     0.0003751445413517669     0.9007597395422842     1.5350120919916838e-06     8.675291087808597e-05     0
0.004248594041111568     0.0013631835426225654     -0.0006051627794927576     -0.041283827236480136     2.2622926658893515e-06     -0.0008225915421694251     0
0.026646426315597306     0.018503259359562138     0.0008276875155799573     0.7461640664212604     8.514958847611175e-05     -0.003304129008421443     0
0.027232657934081896     0.01285486166225208     -0.0069712685824327705     1.018742732301959     5.578301805053938e-05     -0.009644181643880827     0
0.017837830389010833     0.006307687788470503     0.0009694832971688137     -1.0102136454349986     2.889439844706215e-05     0.003804268971048158     0
0.009013241498692048     0.014308679593749308     0.011773942884193865     -1.357736121943811     5.599289934164082e-06     0.012623156412401615     0
0.0036118760939090402     0.014779467960310969     0.013528407952517777     -0.9875573300164769     1.1043238127749353e-06     0.013740842038194508     0
0.0042743680129761295     0.012999019052045722     0.011535146877409601     -0.9005772402636139     1.6367689109847629e-06     0.012136859163115441     0
0.012902109927903561     0.00839800485211551     0.00019578376043089004     0.29429671790313006     1.1358801602434565e-05     0.0004848697590318785     0
0.007912960317084054     0.00214846345336324     -0.0017439002524245264     0.009775823753034839     6.688943738522812e-06     -0.0019736780692153075     0
0.010496423498323816     0.005500575994910332     0.0003120586277105888     -0.11642057608967159     1.0827746050743915e-05     0.0008085657842814133     0
0.00837332152598268     0.005292224997321836     0.0007813560720892445     0.0860358929072427     8.18580530186967e-06     0.0003607421811002435     0
0.030860432140782063     0.02382623028343082     0.00681397119707192     0.24315661914674652     0.00013095807813158416     0.002651715351286209     0
0.043418136070171406     0.01921264839167517     -0.0012939593721754995     -0.10076146560334515     0.0003058147521536777     -5.921355099426079e-05     0
0.017215627918807666     -0.006663147368408681     -0.015865128957344096     0.026724825671855353     2.6850749346010338e-05     -0.016362548913065794     0
0.009640194771271997     0.003360299441633945     -0.0005357861304376853     -0.17056931350893945     8.241760918858748e-06     -0.0004919718822406139     0
0.00498273771742847     0.0061271231890050685     0.004817395912089714     -1.6051563266662785     1.4626965402749335e-06     0.0051286076009532415     0
0.0042151062840640775     0.006461966337757454     0.0041505579640957     0.39322817314193326     1.3915196457908494e-06     0.004045463848098621     0
0.008829563902756295     0.006114156119796973     0.0024398550207094753     -0.07661986773534005     9.036451832454853e-06     0.0021214289655270527     0
0.00493894100698595     -0.0004962004484919535     -0.003276352269115691     0.49514444520942996     1.7747666547877985e-06     -0.003405242166850777     0
0.0030684169610274087     9.096807885847037e-05     -0.0015024128863629644     0.034369311798613925     9.757109117086766e-07     -0.0015638582241436264     0
0.0037665836751063025     -2.0545109108830058e-05     -0.00244867034238178     0.4890643041204296     6.671180411411789e-07     -0.00261280276043878     0
0.006015581475853565     0.0015989446765849848     -0.001227856041026272     -0.36107137766632824     3.643221953836285e-06     -0.0007008292630185126     0
0.005690732342980409     0.005291210391911135     0.0023456026087411417     0.3225541772120694     3.4314076929143677e-06     0.0016869568567807539     0
0.002982768529451139     0.003515313454327476     0.0014965323571357807     0.6990179373571662     6.24351004933474e-07     0.0013627821135946195     0
0.13722791890900224     0.12099693037209165     0.013013579395196552     1.6555727407880785     0.0011833026047330826     -0.0009656326896568636     1
0.22091911877860465     0.17235545730887175     0.0589646472321553     0.040936621804989866     0.0070607604977456825     0.05303712391699618     1
0.01328732750545733     -0.0352230305481144     -0.041443152580792966     -0.40234556788315534     1.5597242279969087e-05     -0.04054829961546303     0
0.010253830338318375     -0.026424997186504633     -0.0317974083127834     -0.11005472093402677     1.1305339630542266e-05     -0.03138774382164687     0
0.008695839486524845     -0.01754794345036015     -0.021787403702882194     -0.5458622367353964     5.989388355871752e-06     -0.021048426974502585     0
0.009964521093863456     -0.007427277810095206     -0.011909605692910738     -0.4341302219342739     9.829179256427934e-06     -0.01101827651360609     0
0.005412031802916344     -0.005850223553658992     -0.008445636130245187     -0.485508137286874     2.1767618171529347e-06     -0.00815297965188342     0
0.007088571137131293     0.0014729809464882665     -0.0015185110808140288     -0.057257911834049095     4.633063892532571e-06     -0.0018502696288160319     0
0.007881628558488     0.006095442120452277     0.0024716949840508516     -0.30429235412357647     7.626439591526083e-06     0.0033272473864020763     0
0.005794433031960107     0.007358677172262046     0.004404229243038636     -0.04482551418235288     3.68540243045161e-06     0.004483809273649974     0
0.009668898702067571     0.01328355517646305     0.00910055984122436     -0.29545148507958946     1.4184895024936913e-05     0.010370820267369399     0
0.004133303020493103     0.012516244728065326     0.01040944391490105     0.41006419861387483     1.2081229300397899e-06     0.010173577415976865     0
0.005079732505223517     0.010417779643430759     0.007455264777193608     0.40817088188856665     2.5439059393841955e-06     0.0071841387864482915     0
0.0053730182236935604     0.00899466921999938     0.00639863665715993     -0.16129125739895475     3.0797582261922714e-06     0.006586946296395567     0
0.016082194483360138     0.004556392284798422     -0.002098747073019296     -0.39862914561159407     3.340446938580858e-05     -0.00010095826655217953     0
0.17480781580458854     0.16749509211595998     0.08712197598901439     -0.01806113735912806     0.003264984563123383     0.08606132945453289     2
0.03641436562212676     -0.010286580977439376     -0.04008786559777488     1.9364176908121842     6.621403268335978e-05     -0.042363947105758776     0
0.017873971164695784     -0.02661586873578772     -0.03306869486800702     -0.8026005987719301     3.290322094214581e-05     -0.03053984509303504     0
0.013278626108770545     -0.012940736427871727     -0.01876168585816372     -0.0023504153208816054     1.425359322096157e-05     -0.018873291326641402     0
0.008714302403958598     -0.004119857849549208     -0.007542818535508571     -0.3955633362370162     6.941653908236462e-06     -0.006708036677214555     0
0.009336082715384953     -0.0004708286543309682     -0.004756372579948793     -0.08748061179206533     1.0000619866711134e-05     -0.005078763417288111     0
0.00619704057808608     -0.00033793837569376915     -0.004278953687476272     0.4067165701917178     2.5668151530699356e-06     -0.0045520976277547125     0
0.007411391727538029     0.0011389440370602616     -0.0014462154363359028     -0.7765066965488565     6.095510005299555e-06     0.00010533149089454582     0
0.007137854304750167     0.008339820369209496     0.005338658274400295     -0.21431610448493704     5.604810004647992e-06     0.005147839070942539     0
0.004476426519922895     0.008777682775182791     0.006767103142125835     -0.13534815535013586     1.0555502866249036e-06     0.006661448179104093     0
0.007597432173826158     0.00997332012394335     0.006142265550850639     -0.10010044361772671     6.18653408925958e-06     0.006433118355241725     0
0.003452347002819397     0.007918087685834001     0.006020458808783206     -0.0004944950088004296     6.167168824677844e-07     0.006023008513809285     0
0.0023378113711989296     0.007466758531690539     0.0064860199897800895     -0.47778188534383803     6.009306935853162e-07     0.006763866083420493     0
0.008290030918765293     0.005619154163645046     0.0009577366959861709     0.6017051274067049     7.303243544277062e-06     -0.00025294665795595576     0
0.0026037808462361454     0.00162113201247118     0.0001938001870814573     0.16847569197020304     5.534612638689537e-07     0.0002463948140944262     0
0.04310594433041564     0.03566613673348883     -0.00197514071390787     2.9998795149123807     6.185812011765928e-05     -0.003920789198438005     0
0.20658173000646096     0.1607696631651795     0.06414219227024737     -0.18140797834840047     0.005099258348651357     0.07360296448283177     2
0.012535315946771833     -0.035304897552430596     -0.04281702938695626     0.10402226569465944     1.7198704229818442e-05     -0.04314743704843099     0
0.014187526661326604     -0.02057574550986261     -0.02858959799666604     0.8311048360124786     1.6040647058163386e-05     -0.030065525943169674     0
0.00878266217637645     -0.011652800833128705     -0.016470129292337828     0.06571471611927948     9.634904123153418e-06     -0.016748124756677647     0
0.006533001991788048     -0.004979604039948472     -0.008675940276349464     0.15022636252846244     3.7508090573690483e-06     -0.0084391528490383     0
0.002727488072710368     -0.002161534349975508     -0.0035476465264323203     -0.32646576829867413     7.054437233446493e-07     -0.0032646683470515894     0
0.0036458559848029275     0.0011595150671866884     -0.0003939016516352468     -0.2218508415861528     1.1508430867138799e-06     -0.00017853863361232383     0
0.007415849907151818     0.006379481118293936     0.0035378701190161314     -0.6923043001386094     7.136688424880266e-06     0.004609850565322999     0
0.006459658139060559     0.006136786499018588     0.0030288135960600893     0.005086770002471408     5.6346313847679876e-06     0.0027008761201933263     0
0.0023545788836385594     0.004684033638157293     0.0032980352058924792     0.46473479781499916     2.7445632090513885e-07     0.0032182822830594568     0
0.003870849310606512     0.00850840190390332     0.006830626446638608     -0.35907504400179785     2.129844664960335e-06     0.007660814279964405     0
0.01238906117327597     0.008772379235039884     0.0037588979283071974     -0.5062724743614587     2.0175205079985965e-05     0.0066087660131145375     0
0.14611667930405697     0.14360830791447868     0.059893960709756645     0.22582889035438505     0.003127968041125832     0.044441846551600696     1
0.12066091617255631     0.08525672802186945     -0.014712953830078604     1.7511984022071931     0.0009917882673960395     -0.03112127452064059     1
0.01237485526236614     -0.018596501432126954     -0.024844308102240382     0.07246251241694555     2.3091237224935313e-05     -0.025221370306481892     0
0.012031618952491697     -0.00638478697932899     -0.01002745903852389     -1.0908591961101266     1.3636941994794052e-05     -0.008545300210861593     0
0.0032584869618971137     -0.0045931512129715486     -0.005760971015606335     -0.8062634992264309     1.1080616201331478e-06     -0.0052686937552372266     0
0.002478479498328083     -0.0029330897073779143     -0.0039828599917128915     -0.594214213586876     5.714727369956636e-07     -0.0037297005652760775     0
0.0034724264791131166     -0.000326228123490055     -0.0026027479495086244     0.7555214867206318     8.415651410374058e-07     -0.0028595697092550776     0
0.0038944375309779315     0.0030777267107298424     0.000705944086738668     0.5613208169511932     1.4349978106887944e-06     0.00016175562944782578     0
0.0075670764393671874     0.00959012941134434     0.004865789067818782     0.7112960981689402     6.040271505832666e-06     0.0037420874467321854     0
0.006271943092034354     0.0029188758153719917     0.0005555887228167995     -0.7158093861526795     4.062794695430011e-06     0.0011856417484812191     0
0.003571784265669108     0.0016891800857781968     -6.722736044699575e-05     -0.3564460118955965     8.631751123653328e-07     -5.3507843431963636e-06     0
0.11416972780534614     0.11427741550586093     0.05251542098970173     0.15785001255321413     0.001527234107677896     0.04886370242858179     2
0.031103371642096724     0.0006947863716953823     -0.024113176900631063     1.7629834151158599     4.524723976192446e-05     -0.02587914984070463     0
0.014125553424923366     -0.005753659607566786     -0.008706631118034188     -1.6507960380223086     1.4811991044155594e-05     -0.0071155442811032844     0
0.005245666237801053     -0.002789267610488534     -0.004892677213994463     -0.54212402747629     3.393948765640084e-06     -0.004256445273888696     0
0.003998843024902729     -0.0009794878538572725     -0.0031881697845136483     0.14069149771054007     1.7055430963722096e-06     -0.003181641116472424     0
0.005026325455504018     -0.0018225287367209593     -0.004207156160430577     -0.1344825678662725     2.362402577804912e-06     -0.004250795863665081     0
0.0060169799294263575     0.0018797426597190658     -0.0020752055396556605     0.7301331180740501     1.9029441580745377e-06     -0.001975651165629043     0
0.005573493522926767     0.005084391760953104     0.0018689215653089454     0.32738190075592394     3.5715177846649854e-06     0.0019928970478336615     0
0.021689389981186642     0.021334947770556112     0.0041776012919804185     1.4599975311386444     3.6062235055697496e-05     0.0010112753674328143     0
0.060451708605646845     0.036156331466576604     0.0016538042850458758     0.2561548040683611     0.0005032996513299031     -0.002617789146124785     2
0.016541766576255244     -0.00404600709333938     -0.011583294992987896     -0.5298063951967988     1.7895044633410677e-05     -0.00960238033539544     0
0.006592698172091349     0.0030141779187298928     0.001124912926101199     -1.4102868836867781     2.3067374423511184e-06     0.001576104401983137     0
0.005362516983557445     0.004949888519373493     0.0026325904073417547     -0.4893733272565159     2.8438294675982857e-06     0.003059861620292642     0
0.0035203791795106977     0.005062386224890402     0.0029108935411265094     0.7839312148126479     1.0807578102730613e-06     0.0026302889001654766     0
0.003761377640256194     0.005309328856339139     0.0035201346162966186     -0.3358109965570684     1.0598308929396152e-06     0.003704522320052803     0
0.0066995294741380995     0.004425443884149534     0.0007765665254492721     0.1835919570967739     2.6105339653040125e-06     0.0012013153486843226     0
0.006065611271711506     0.0021484845309691913     -0.0017635468027008784     0.7247070868508682     3.770933025738879e-06     -0.0022747619122775423     0
0.006448418828021305     0.0020013078506454824     -0.002176133271410658     0.7174718073382512     4.980389703895783e-06     -0.0033401696898272513     0
0.0032154262103907985     0.001937348147968752     0.0005163482528613721     -0.5454365917176683     9.533125614797714e-07     0.0008075451680664448     0
0.005600213163687552     0.0026677239198342573     -8.233744745821366e-05     -0.22935631698846468     3.6776786726346103e-06     0.0007538616883706951     0
0.12364537721560472     0.11468272049357707     0.010922665090285147     1.935540104320092     0.0010581523883350591     -0.004898158530601869     1
0.24191615200960603     0.19146654513418496     0.0670029588149921     0.05844834525521293     0.008185275668605328     0.06103501655923221     1
0.013925876784151095     -0.039555645856069625     -0.048627735901490755     0.9114051960348463     1.528920565852834e-05     -0.05028996049499427     0
0.015563184520225263     -0.023789105726737456     -0.03311345811797243     0.4749631459874056     1.786342868882544e-05     -0.03361317733911306     0
0.00778346381600542     -0.015755482865446854     -0.02098618803851176     0.8439278929511457     4.531969340322475e-06     -0.021778552649296835     0
0.007969652218666043     -0.009175822478757237     -0.012544321718525384     -0.5341818816082078     7.354221379158297e-06     -0.010881458884649815     0
0.005934005186487113     -0.004031343790288437     -0.0070453489984739345     -0.4825249375067048     2.4852302893942943e-06     -0.006666097398312417     0
0.0046834459095732705     0.0006234511455752456     -0.0022301977489029698     0.22203391065650696     2.580993845208165e-06     -0.0028878158573623853     0
0.0022747580582014523     0.0022860482889895464     0.0011123782843177352     0.030179600157246522     4.296099874704329e-07     0.0011245235638060766     0
0.002842119072120656     0.002836489182532818     0.0012843184535398918     0.1168360179578429     6.403754044783194e-07     0.0013344567441805528     0
0.0046592555011764234     0.0034886608415192898     0.0013195692283266163     -0.16771350159395312     2.0822067470871527e-06     0.0012506430240345578     0
0.007232716431967338     0.005705244267737425     0.002528402821575881     -0.5187658398573339     4.214292953201726e-06     0.002807679727260751     0
0.054789344642359294     0.04243359275340822     0.020513612604767764     -0.45600156327565255     0.0003140045736924336     0.024648787943440716     2
0.01250281824030982     -0.0013086616252950974     -0.008369397201705655     0.21829076097050132     1.8069549160940144e-05     -0.009386467477255484     0
0.004538800531030477     0.002724553332807473     0.00014662251785762978     0.35904855943859604     2.6691732803582325e-06     -0.0008361349729719818     0
0.0029769271971642718     0.005028260796017315     0.0033546586515021543     0.3531420130132316     6.00220111976228e-07     0.003163592448611388     0
0.007592732143252432     0.010739895974268266     0.00706746758641604     -0.09931492657399812     6.1995971633582855e-06     0.006712356997574609     0
0.003917284120630342     0.006713458932023709     0.004441693050816201     0.10359810451678239     5.494276189499907e-07     0.00444128288571741     0
0.0036942276688654466     0.003961247998869356     0.0020918818309629684     -0.1246850925842996     1.4869469287633458e-06     0.0022086500365572346     0
0.0016782897304234     0.003970252200002381     0.0029529189484480203     0.6087284354909277     1.9602076914896508e-07     0.002892124917414933     0
0.008224028377221488     0.0024675629143482342     -0.0029940942818288924     0.5097624420220057     4.65573104994099e-06     -0.003261240059999992     0
0.030888870366152767     0.026809023463356937     8.739365562480177e-05     2.3821162046370756     4.582945495148794e-05     -0.0028375474280329456     0
0.13928145662636068     0.11372975609520163     0.04832730112490768     -0.1478779347762586     0.002092872350187846     0.0504796508958514     2
0.006098131283998592     -0.025662888060224296     -0.029645746366348945     0.808706368963321     2.0402363572729945e-06     -0.029650112802680914     0
0.015960180454848934     -0.00985106631729969     -0.018624623729585153     0.19091252902194428     2.989787335539903e-05     -0.01960544730955662     0
0.006688528456661284     -0.005474761662115225     -0.00824841318392369     -0.706217084921817     4.978453827220397e-06     -0.007016576429179055     0
0.004957463584147482     -0.00038091947250228346     -0.002382347831343439     -0.38412483482588744     2.1282062760551873e-06     -0.002246026438024942     0
0.004940827520780365     0.002982839298710498     -0.00043403423852763685     1.134942597893309     1.6911250668476325e-06     -0.0007496852409205405     0
0.005917666416121     0.0033242371729109406     2.2084399583137226e-06     0.45888953141302186     3.1440386465095595e-06     -9.854701011264132e-05     0
0.004280524429895651     0.003568034927000263     0.0013552797538278051     0.13222308295612636     2.0071839569923955e-06     0.0013069500829311139     0
0.006088334194869841     0.005399312607648994     0.0016832581731814895     0.7057715180128014     4.028936007578956e-06     0.0004675580460592659     0
0.014647787089798926     0.009073122174660714     -2.8139734441411594e-05     0.8660406903238099     1.9383791935038408e-05     -0.0014369290749911819     0
0.02027449992614866     0.007941412408129088     -0.005973943929268756     0.8438308637111351     3.876567767680982e-05     -0.008013178860196545     0
0.012052925379741798     0.01162736509932498     0.005844651329758939     0.24632574207987792     8.773908164220233e-06     0.005581343429012779     0
0.004106146925252616     0.011666483413423955     0.009403074408507179     -0.22705296448499446     1.308736911998335e-06     0.009755641136920677     0
0.004274676098687823     0.012927009688563418     0.011181227547091789     -0.5637378448001266     1.9379646817588983e-06     0.011685589458594452     0
0.0219465516755572     0.010816657865809562     0.0024236017029268977     -0.5600915436297887     6.867278557706409e-05     0.005754664250522355     0
0.022789160940864667     0.011379764802788739     -0.00021834194771382947     0.01238580915112853     6.40586458177383e-05     -0.0002424125737371124     0
0.00922985595449445     -0.002214660178709554     -0.007239962656874078     -0.3341324120707403     5.838196954246199e-06     -0.0062522559584137745     0
0.011777790265140222     0.009950823837589502     0.005002837311213367     -0.2551109255381035     1.09701875747144e-05     0.00488943119757439     0
0.004197172206802671     0.011352478244938723     0.009018271689665375     0.2565204862543905     2.3331218547098475e-06     0.008683655367453871     0
0.004612587612639848     0.007643527500656442     0.005662279504577071     -0.41936780305504984     1.4395186951779003e-06     0.005666257172318314     0
0.013736088119672581     0.0058209661881606966     0.0018357852838466464     -1.098605977491768     1.5027970205094236e-05     0.0029437029170033117     0
0.007590218916450041     -0.005033005442580728     -0.008722088190817049     -0.02561088261718333     6.554937791368054e-06     -0.008846456644134502     0
0.004687458335173643     -0.0037521410715670835     -0.005810042317514508     -0.32057362958503804     2.276152034623206e-06     -0.005336146544625137     0
0.011325429985913158     0.004935962060904142     0.001254840873612794     -0.9815799109397708     9.88083118507745e-06     0.0019136171440572124     0
0.005320990209509916     0.006889484533828527     0.004092133789715227     0.14424547802296653     4.166412775601678e-06     0.0032098756289966443     0
0.00446486045305095     0.006450024620796563     0.003582131473477384     0.6296326034587519     1.6257113263536515e-06     0.00312355159237952     0
0.0037152440147280993     0.003306487827274535     0.0014395336495062277     0.09527840260195986     1.2448092049344369e-06     0.0012137112893541133     0
0.0033828209460423525     -0.0003937233454940219     -0.002630162505577897     0.7961852378199997     9.656410197267546e-07     -0.0027543696206518476     0
0.003640521413579876     -0.0017795191300076054     -0.0035055177010299933     -0.42804181499954824     1.1828941958638198e-06     -0.003114596110579935     0
0.0035179158768912097     -0.002669511325827145     -0.003724651691277525     -0.9637041718952837     7.739595373218689e-07     -0.003593984592000649     0
0.1278358355780675     0.1213367861887338     0.05415342903352963     0.13140266593004998     0.002413374950237115     0.04521194111971371     1
0.13363626133630657     0.09064742632751167     -0.016169978964687366     1.4212331886373417     0.0014304808115374835     -0.038804514326138254     1
0.015006253992540925     -0.023789775022002958     -0.03003892283157657     -0.36512311467744374     2.9018112901442016e-05     -0.029099622568888123     0
0.009562750833430361     -0.014347544872295646     -0.017933085017015155     -0.829664665235249     8.743505438634113e-06     -0.016328983298385592     0
0.0034918864399038057     -0.01072585638469893     -0.012159706208795414     -0.40714279175883095     1.2102935541295617e-06     -0.011769012943034991     0
0.01164816663362147     -0.0026810760708959403     -0.006738543565761523     -0.9833098886930117     1.2108105451884416e-05     -0.005215227268745615     0
0.005730817490622948     0.003099072199197827     0.00019632418027903551     0.030382810369156826     3.4525161242531905e-06     0.00024446313837520305     0
0.002564515691755285     0.004845689266071205     0.0035926980365124884     0.03213468662239411     6.66213391154577e-07     0.0034747216015479357     0
0.004120794778803485     0.005763153651366619     0.003909733591937715     -0.3037420642246798     1.6986669141426996e-06     0.004028716291227921     0
0.0037339037522403445     0.0064400830619152005     0.004484521139381477     -0.047540118664783     1.3912536082121512e-06     0.004762826103992942     0
0.005572535465601404     0.006054263452789335     0.0034680147179377645     -0.006854244077517926     2.9456344423152458e-06     0.003309106996152085     0
0.005153848038130978     0.005643671033179929     0.0023697453042823093     0.9652364369541838     2.7270988913662088e-06     0.0019201442799880177     0
0.0035667396991998666     0.0031403916870115503     0.0013423223020216342     -0.05171877508162463     1.2648007299881035e-06     0.001297411034345386     0
0.16308026475406853     0.16249447654335522     0.07524052610231946     0.03520191266339346     0.0040409563501384565     0.07539619120875518     1
0.13438158996490485     0.09146650934581968     -0.019365213648075526     1.6217064253452647     0.0013462433837836542     -0.04139382897526711     1
0.014730181483039125     -0.02649593536804165     -0.033240288881075115     0.015421440733891045     2.0143520256930266e-05     -0.034487219068219464     0
0.013883641438957732     -0.013143376263771487     -0.019912526789252243     -0.33912172247987604     2.0009507550983807e-05     -0.01855391696736116     0
0.0052841127175186735     -0.010052829089562175     -0.01327065513718948     0.182411049703329     2.215859189211374e-06     -0.01335362563286771     0
0.008196909841622715     -0.004196393377900272     -0.009277824096149204     0.6245468029454202     5.4617737122971174e-06     -0.009963654915755838     0
0.0014838914546585172     -0.0031759863894158624     -0.003987821576194565     0.3544795300214271     1.6864489734488626e-07     -0.004090567186222048     0
0.004960771155998638     0.0011002730936827698     -0.0008142342419940227     -0.7393841782268267     2.4230404592995153e-06     -0.0004043112054211568     0
0.003924344753286258     0.0037391038545779875     0.0021545452396299074     -0.659468987062901     1.2992175135577029e-06     0.0025331345449383044     0
0.005811321068935564     0.006096318946690695     0.003748295966390039     -0.7386182480366533     2.8443941582883423e-06     0.0041514292472577975     0
0.003926289653798087     0.005780783934555723     0.003459945472749918     0.37945219447949197     1.0661575880408098e-06     0.003349751737878908     0
0.012103162487040551     0.005734071984538355     0.0015668901795469923     -1.228977665710304     1.2642540404781046e-05     0.0032008827813083387     0
0.1054047494572785     0.09909309377373532     0.029911021104877106     0.67816856836658     0.0015125354606051434     0.006065336694697993     1
0.13052875688356894     0.09645828191961842     0.012689164210131219     0.5654911892337112     0.0020044721520653935     -0.005290488304050388     1
0.017874100350543348     -0.015341006798734942     -0.021389292246918358     -0.7282140587955273     3.1086866080613626e-05     -0.020083829942028602     0
0.010163711433381201     -0.0063140679184737905     -0.012242860800866298     0.298155034010895     5.977107665605462e-06     -0.01226104199137135     0
0.008155481702439498     0.0010858899566624537     -0.0042093841413561005     0.4193965936513441     4.530210356321698e-06     -0.003746404828900487     0
0.006037342874579113     0.0013446155994132317     -0.0013303255019218444     -0.27658076719547275     3.3693374714895924e-06     -0.0012116619079764258     0
0.003372328364604078     0.0017931607422858051     0.00021545288856136585     -0.42618799469278945     9.661776536294743e-07     0.00048797252464320056     0
0.003256027943325473     0.0033337348595665834     0.0013732913082637095     0.7782153186957542     8.740581489521494e-07     0.0009595343510059335     0
0.004107932772279523     0.0054384818452727374     0.003059702383802866     0.5459696605761736     1.203081772825438e-06     0.0028428248838045104     0
0.005242518375958826     0.005961038761183445     0.0031573094780170453     0.03684178116668746     3.24682714337987e-06     0.00330298751558298     0
0.012562330960160076     0.004954006066054342     -0.0035930673688196776     0.7621523833519339     1.9364107554356998e-05     -0.0059579202097671735     0
0.0748157701721261     0.06973317981993427     0.03368322269697508     -0.18005074440798166     0.0006251918871505708     0.0378738336785944     2
0.046320070192055966     0.020940691788743793     -0.016253124741002434     1.8159510175049092     0.00011496119431955925     -0.020179627273121052     0
0.011120647807269953     -0.001745020144763446     -0.006115927050068024     -0.7501468131153168     1.2741085375417352e-05     -0.005097258064874966     0
0.004388633309273735     0.0016836502710017513     -0.0008773314029544454     0.5209412669806837     1.8131053758320286e-06     -0.0012093742742028896     0
0.003036494221879688     0.0012263848744533486     -0.0003958212736056082     0.08655243033469504     7.1572111283564e-07     -0.0004071415374686311     0
0.004778948403219256     0.00013484741270049276     -0.001913924363190375     -0.39801995250911265     2.5780241574886266e-06     -0.0010474764563196523     0
0.005598685282726534     0.0009549914673191079     -0.0011447738647798777     -0.7660793856863003     3.3033656143222837e-06     -0.00032155168152369674     0
0.006074597191726313     0.0028151806631451547     -2.9836679181635144e-05     -0.3214507871372783     2.7085248539412724e-06     0.00023331056139288547     0
0.006420064101790293     0.003326876393236043     0.0008520583830633393     -0.6267853708554822     5.589035348547782e-06     0.002025304969081252     0
0.007092538887243849     0.0001540520841915298     -0.0021374058386217196     -0.7457794158149919     4.229520801473948e-06     -0.001974528905979189     0
0.036636481450750574     0.02999824524388079     0.018561260535680493     -0.8978070189940768     0.00012709481269234245     0.023902899798457024     0
0.036571273473374064     0.006796133991877133     -0.018849328929333702     1.0016701463018063     8.817859699102296e-05     -0.02073962542379001     0
0.013388806692988236     -0.001457629174441508     -0.0068962095745535796     -0.6895851686109838     1.3619126386045253e-05     -0.0060726387473822     0
0.0070061485594189775     0.005774050137158262     0.0036798478574304634     -1.1930591567667193     3.1011978252396914e-06     0.004175638773298438     0
0.0062628503198172425     0.0087247391998737     0.006039473859749388     -0.43206826172177304     3.7659378815329263e-06     0.006164170061118802     0
0.0038800054578251573     0.003885092739057197     0.0018346119800250705     0.30882883065189976     1.5419953156738112e-06     0.001238399945812777     0
0.011831782606793639     -0.00010913885640782994     -0.006628520567268838     0.27495182969257975     1.8010387714640722e-05     -0.007641314613209401     0
0.04833347053949235     0.035719202200043744     0.002042550635365481     0.840051712152405     0.00025042280859615367     -0.007518694425217363     0
0.04910479938504172     0.03608554578000818     0.003153590472199955     0.7031520525249828     0.00029644186366066815     -0.004987509923901807     0
0.019453368271478984     0.00828231719618066     0.0007479399633706825     -0.47700920687155024     5.227995680341461e-05     0.0033016849149448014     0
0.003098019061629852     0.010447460001767437     0.009069129337438748     -0.1624626995668804     9.95221204744607e-07     0.009124431467492743     0
0.006379995729088217     0.007162725971193989     0.0032379144057214705     0.5740662127965146     2.6893096251234045e-06     0.0030915384619645127     0
0.005458532284714985     0.005829245484645042     0.0031641469514025592     0.2636977804882732     1.9688309791558777e-06     0.003052640469428161     0
0.007520588772807443     0.0023261021848912634     -0.0009222126263419971     -0.44088820281743685     4.447171540356184e-06     -0.0007940185180625791     0
0.005058988528797138     -0.00011440071611505269     -0.001964812271353779     -0.8130198512292721     1.7642425657944658e-06     -0.0017889787160209854     0
0.0025967647288201484     -0.0006146739825420786     -0.0018537507319790851     0.27284987515359616     4.553018895480562e-07     -0.002054195926409448     0
0.0034681376068730384     -0.003441682001791858     -0.0057322762437795605     0.46943583422314494     6.849545653976092e-07     -0.0057754341090388624     0
0.002648574520536552     -0.0030766249967330494     -0.0040963771276708305     -0.8792526883147652     6.503321501412183e-07     -0.0037961968843526006     0
0.03490016451720884     0.02477622342213812     -0.0051202983331561655     2.503136268827154     4.884382441470198e-05     -0.007929105223542005     0
0.12365272349210557     0.10378976922888643     0.04584872209069327     -0.08802149166923107     0.0016551265520559745     0.04467753693285307     2
0.00950909622328484     -0.020725827972308982     -0.02685928797602983     0.01723145436917558     5.589823440657474e-06     -0.026018393915260417     0
0.013783704920994665     -0.010499694950524224     -0.016591067673465323     -0.49367680046484863     1.2768324578012642e-05     -0.015324865230299425     0
0.008282322507812434     -0.0026713564309256105     -0.0070383843962087056     0.036484439067917804     7.579360238076041e-06     -0.006763357744320524     0
0.004766411802026197     -0.003229068824564569     -0.005770746961657362     -0.2332046760962861     1.4330166740118032e-06     -0.005446311096096193     0
0.003871278653681291     -0.0010788284621873721     -0.0025692089565008663     -0.6118210363637409     1.3257146076761538e-06     -0.0021222227616299856     0
0.004724677009703043     0.00014857988726757446     -0.0016578566561330796     -0.8092924268529644     1.9707897064637073e-06     -0.0012970304815455617     0
0.007440749958286365     0.0034445153545578076     -6.742989248925281e-05     -0.18654808775749657     6.15075038765129e-06     -0.000272612425224704     0
0.004502390739942329     0.0032874391844953947     0.0004723460742588946     0.5673526280723445     2.034231634134028e-06     -0.00013664142712519297     0
0.003502449987065543     0.0057507313692308675     0.0036671576248323763     0.5115979479928019     1.3760894256994357e-06     0.00325573827469713     0
0.004655591315684687     0.0037011794092088584     0.0015373717981135538     -0.3369863026079673     1.8487663656346818e-06     0.0017217660233730375     0
0.005071472715120266     0.0037557184257368467     0.001464666211458099     -0.3427206204429919     2.2668229870208486e-06     0.0018138229556554234     0
0.0072048220359901575     0.003066998907952447     -0.000279694104041729     0.029274498239236193     5.017717605285453e-06     -0.00041115114236929664     0
0.19653427258992853     0.18858302832073057     0.06959546958810556     0.37991173054295757     0.00589628607992041     0.04440085222702346     1
0.20822137202505261     0.1593757250948187     -0.0006135078417130268     1.211212273435221     0.004014320026968335     -0.036390594281023474     1
0.015133519166762095     -0.03183371300603481     -0.03970709932194606     0.4230145799137784     1.8750596438004347e-05     -0.041694389076038306     0
0.010640392102734562     -0.021734420010920845     -0.026539658813473834     -0.8687964189364117     7.3596427263797045e-06     -0.02554429084543615     0
0.004298498920695518     -0.017172581035770924     -0.018800236248390553     -0.802096763653453     1.1245263535795073e-06     -0.018382546788439907     0
0.011343105904499677     -0.005680696633916118     -0.010473595470313733     -0.5054659289900425     9.462645836806701e-06     -0.009443457057819888     0
0.005502870068682426     -0.00024206017986962058     -0.002190531117372154     -0.7856773099004614     3.5820879813957582e-06     -0.001430446061110393     0
0.005859438787288328     0.0029151502228495526     0.00040240227944651297     -0.31312600944781055     3.934705951405284e-06     0.0007972969580017388     0
0.004819468900308135     0.005629458686377788     0.00322423302332771     0.039085445665225954     1.8783393369931555e-06     0.003437297508491547     0
0.005139300017706484     0.007523141048088087     0.00495482018473606     0.06254267724028642     2.1524305408905355e-06     0.004938869385909872     0
0.0030767420552633585     0.007476741079669774     0.005905188122578447     0.31030344043084523     1.0038638751786066e-06     0.005540306397101276     0
0.004423386194423851     0.008662774756317038     0.006345269254293453     0.27118160929352614     1.935498101413412e-06     0.005858237805772252     0
0.08938603674588458     0.09080109186658646     0.016025831646540988     1.817404687164297     0.00045886664528363614     0.005667589621544927     1
0.16480860264118957     0.1328888387940125     0.04986563007444531     -0.008375451735391152     0.0037021471397041556     0.04876677929051871     1
0.008567692969933944     -0.023810015225173942     -0.030234767270192413     1.3137349762972086     7.233324495766868e-06     -0.03141065283351771     0
0.007890598683096803     -0.015788372772092045     -0.017661122461062013     -1.5236615947848873     5.222769376427448e-06     -0.016670165744107235     0
0.011462733894175507     -0.005390553322939625     -0.009495641910793794     -0.6225920640394272     1.9230520605474827e-05     -0.0071692337161275805     0
0.0039860364548915846     -0.0014505210852770593     -0.00287640198132524     -0.6853385639418386     1.0079577298435192e-06     -0.002854997362718749     0
0.004704937456006711     0.000784645074471938     -0.0015269597043239874     0.11488976118235193     2.5420258325414286e-06     -0.0019904142828455497     0
0.0030499109890221206     0.0027277032301977365     0.0017141379984452478     -1.066165096923129     7.799834571131147e-07     0.0018425758381735895     0
0.0027322411077383957     0.0021334992368797555     0.0010181628263291548     -0.5823581339048559     6.90481504713006e-07     0.001244338321711623     0
0.003689108174068309     0.004593862916788772     0.0033632354805952173     -0.7023420428114665     7.2141559093717e-07     0.0035459073399962847     0
0.005148309019732307     0.0020604798413738977     0.000483741028006718     -1.1538888472206608     2.4547726599812036e-06     0.0011052630944381676     0
0.049440447692943534     0.04279713254023262     0.0011164899689978345     1.9651580352065459     0.0001599817641281832     -0.0039878911431036     1
0.12185234595855726     0.09844385676622186     0.03974415455888913     -0.15986590133639228     0.0019165933338015147     0.04964670413996731     1
0.010441890376750734     -0.015724461688180643     -0.021143738874507073     -0.020904003449597072     1.466793757420877e-05     -0.020895283232282607     0
0.010502502981891622     -0.00523726222391061     -0.009030136252687782     -0.8823168484818582     9.283309124832795e-06     -0.008183613737035777     0
0.0070197229313175465     -0.0007247364404658468     -0.0025901224100624357     -1.4566110338205582     3.875462424963604e-06     -0.0016904163123185748     0
0.0032121560839606686     -0.0008058305135954127     -0.002041446107119077     -0.6191213833165452     8.762250890817671e-07     -0.00177454426611534     0
0.005196068874871218     0.0018872944605098669     -0.0013651023788887997     0.49876055211315223     1.4008438909786275e-06     -0.0014103026281166672     0
0.00441059712811742     0.0025174357968856475     0.000340180135769316     0.01603263906067994     2.269403347983875e-06     0.00021331828712185138     0
0.004539350912777459     0.0013093722075301767     -0.000727620850711778     -0.2933455591087274     1.583341925071799e-06     -0.0006952427266205483     0
0.003645704554125666     0.002021759697643043     -0.00022252749072744474     0.21710684689553192     7.109661879727464e-07     -0.00017772379569771862     0
0.008762596157061806     0.005066365962769324     0.0025325639059742837     -1.4920046974123213     3.074193134031363e-06     0.0029409676218361356     0
0.10751708228096889     0.10064095573976664     0.01922930407195799     1.1784228421561849     0.001217167334302739     -0.00377800280391816     1
0.13956767431448971     0.10938443696940059     0.01976052634401062     0.6319206721731501     0.002743881546581574     -0.005517803868092174     1
0.01684330285516586     -0.014014325560495871     -0.023605427318299076     0.15204764642214966     2.4022140543020467e-05     -0.02320690761199289     0
0.0067965221567912034     -0.007105534783557083     -0.01033974268616254     0.09185958301001405     4.065192025553492e-06     -0.010705788127413286     0
0.003841800369411871     -0.0038627626156666024     -0.005522481174428838     -0.6565830442949082     1.4864206597693354e-06     -0.004987950819706072     0
0.004512930337976206     0.00018963597474709913     -0.0019298758163140226     -0.07833790862860777     2.6195578097456203e-06     -0.0016808935761255521     0
0.0037723626935888526     0.00127456312271919     -0.0003661783747100484     -0.5796823680585127     1.284239271565899e-06     -0.00015477605932406692     0
0.0062936167718990205     0.001364082617547323     -0.0017117443504957206     -0.19216024531873566     5.004243311850755e-06     -0.0007593350696658766     0
0.00435995736622365     0.0006311691134284314     -0.001561936795904136     0.10426609908394088     1.7208708815319253e-06     -0.0017204301863146358     0
0.005688340065520806     0.003174037632341718     0.00011151292850224838     0.15312054202038436     3.33956110829177e-06     0.00012977507206173993     0
0.0044344317387582655     0.0033728410664022102     0.0011964034936455111     0.10623827868772785     1.737801572345567e-06     0.001073302322766028     0
0.00535106291766572     0.00470673138308616     0.0030825940272406734     -1.2744945230275193     2.0273522239387267e-06     0.0035728704374118425     0
0.011265372782343814     0.0031144325085571043     -0.00350910389142664     -0.00233459759741672     1.447181837777062e-05     -0.002235759169054189     0
0.13194675864853778     0.12310741594683008     0.054439748197097015     0.06200934542170835     0.00210741863349197     0.051541808046233185     2
0.03657174421211059     0.0027835645888528416     -0.02817255458087257     2.1961851755236825     5.9138450558318446e-05     -0.031440938285197284     0
0.013633220701329076     -0.00832461020199915     -0.012603097878405231     -0.8910633446913655     1.2886076649202261e-05     -0.01105101538191611     0
0.007856397407396541     -0.0017099984235598778     -0.005579296129182937     -0.06700113498664508     6.421610477256756e-06     -0.005613371550269172     0
0.009318595798654829     0.002366968477813077     -0.001761749838645176     -0.2276448284367428     1.1444605722962034e-05     -0.001618515195390856     0
0.003818445365906682     0.0020499288276481856     -4.485860624089377e-05     0.3504522887543882     1.3108879843936199e-06     -0.0003836916965598822     0
0.008759473523441402     0.004549078752978681     -0.00021388438038078423     0.3109737553754872     5.7712671637985315e-06     -0.00029500791391295596     0
0.0054618224589730036     0.004537549148141239     0.0018633280179787706     -0.4583008846434005     2.1680163385749283e-06     0.002169121596817827     0
0.006108486776796553     0.005619397806153763     0.002815483680168081     -0.1479035680493923     3.3760950208730897e-06     0.0026008004573005515     0
0.010870285315424404     0.002369745851796048     -0.002264615808383173     -0.564378194468134     1.2072918217267705e-05     -0.0008507142784709903     0
0.0681106543096988     0.05703264716024839     0.00017708512855655467     2.0891279265820875     0.00024177886954719805     -0.005812661564734924     1
0.14843623889330554     0.11755111921633594     0.05441612347013015     -0.3845273259571367     0.002659281670364448     0.07025485114226585     1
0.011760147670415486     -0.025743919770031244     -0.03262633838490008     0.3988861833686282     9.922100604403913e-06     -0.03264447976747508     0
0.015232781541094089     -0.010517084802371337     -0.018096578352511734     -0.1287208944554827     2.595920266924233e-05     -0.017180663973514473     0
0.003566542348674556     -0.00691913674416804     -0.008973424460752139     0.33069807909610266     1.583536173491299e-06     -0.009178768167466276     0
0.005663717189615164     -0.0012059361698985138     -0.004734163807553907     0.5144297988926104     3.2427612527322275e-06     -0.005188161398059002     0
0.003814396942365534     0.00044458102165856     -0.0013223320674924553     0.05501861233390659     1.2988487204557404e-06     -0.0014289601031403545     0
0.0041022106520568445     0.0017919797031816626     -3.960460489162967e-05     -0.2840355222735491     1.37324465551593e-06     0.00010000677029217681     0
0.005680388555154025     0.001705439836975084     -0.0022876217108865364     0.9913260784878494     1.7796868209718542e-06     -0.002652380617434417     0
0.004080632241066384     6.056442527056005e-05     -0.0017250527342658967     -0.8376211726317013     1.3359576967830537e-06     -0.0012857141880008253     0
0.007575800205220017     0.0047440673800021255     0.0006653758297386586     0.0872260128007145     6.165163157201576e-06     0.0005849054660728066     0
0.007434133530659245     0.0035082062713903887     0.0010321140927872078     -0.8598668526424456     7.1435916686723285e-06     0.002325081437226055     0
0.03399592446332402     0.02936861256284089     0.0008639059217046101     2.3696595145620294     5.198962405152846e-05     -0.0013361030239191242     0
0.0684212206400681     0.05405629338217884     0.02375400319435781     -0.21682566205505646     0.0006601015345761875     0.029652101426427498     2
0.00985473268468424     -0.0055569057821345125     -0.011937154802656433     0.48400402744703724     1.0683688657995124e-05     -0.013167188744234358     0
0.0066801166742602724     0.0009483890349161844     -0.0025073855827514205     -0.006559884067123262     6.6781296138430165e-06     -0.0021762581700938643     0
0.004546682799521138     0.0034285038361313524     0.0006589056613592267     0.9205311314795794     1.5039017353360177e-06     0.00037497355705421186     0
0.005215027338727628     0.0031152839682166804     0.0010359755312160026     -0.46724745608378854     2.6044056970385898e-06     0.0016304908215944022     0
0.004531816764973742     0.00526948359642987     0.0025722323003689066     0.5891706479673579     2.0875140283493375e-06     0.0020088868213001907     0
0.005472316949348829     0.0049139170019030206     0.0010475662430646173     1.4234513007610168     1.65400706608975e-06     0.0006924907131749796     0
0.004757110061632065     0.0031425824418834887     0.0006287240089538384     0.18473402823501023     2.1236736482916066e-06     0.00031940494430490605     0
0.0038757398844113987     0.0013012785446255483     -0.0005129435132804388     -0.20955316786432124     1.273654052365123e-06     -0.0003535802735296564     0
0.003932170218589106     0.0009955676752476093     -0.0004914923511766681     -0.9780120976513862     1.3284482115793743e-06     -4.0457726403618594e-05     0
0.0067527583952568925     0.0018152228356734538     -0.0022006301428016536     0.27067702208096134     4.114060955465068e-06     -0.0020590521670842644     0
0.005650224740533628     0.0018584663546872351     -0.0010136987507130073     0.2303688937588069     2.439744606599083e-06     -0.0009033948006270295     0
0.15661352140818202     0.1503685684263063     0.07094587623004617     -0.12246080990434968     0.0033882598091689413     0.08433291810046822     1
0.10993552720273805     0.07019796880136592     -0.023756194773662274     2.0204148294955306     0.0007257873097823479     -0.0365473136582111     1
0.016466329953734676     -0.019205339858763902     -0.02925553707865374     0.415801574409746     1.8531951272969477e-05     -0.028721083766192413     0
0.0030089046511042015     -0.015739469360972834     -0.017226470726965093     0.18806199700221413     6.923503967124536e-07     -0.017143635652000833     0
0.010677281686157145     -0.005986979979581842     -0.011369230940882482     -0.03338928271751705     1.0834557719002876e-05     -0.010552371917030673     0
0.008616183596277518     -0.0006244407334358843     -0.004984539596416567     0.39761353431731306     4.769238938612473e-06     -0.005255385169810636     0
0.0019316444815054507     -0.0010756945312065946     -0.0021167274868453445     0.10917844952519623     3.889278732084235e-07     -0.0020716650094454903     0
0.005330803107949552     0.0032158278366314365     0.0007402387504931768     -0.18742245960102233     3.4815084949120573e-06     0.0011252117109682375     0
0.0065426950102197385     0.007216488509915093     0.004782636203559499     -0.6591187429423344     3.821647855814363e-06     0.005328743675622358     0
0.008601815724302879     0.006526217968352923     0.002511212239926577     -0.2965520264219475     8.428824157562211e-06     0.003691096158613579     0
0.09306238790162653     0.09138829887581902     0.016330100690760227     1.5770011951023721     0.0007132739207209157     0.0005541985527430189     1
0.13219330376029814     0.10239472825131743     0.0232667149671529     0.4263039621322068     0.00268906079976583     0.0005314844030953581     1
0.015298563890110518     -0.01628198187736477     -0.026412205307946184     0.7717934359374903     2.7710706142016507e-05     -0.029377460187894364     0
0.010098471414775252     -0.006016691004102513     -0.010997020295930438     -0.4240620702757271     5.548513337740019e-06     -0.010793189777034024     0
0.00615432961781838     0.00037607982160513297     -0.002933045802391774     1.0432637023761087     1.570926059842452e-06     -0.0031463780649184617     0
0.004442374427826688     0.004235056532852255     0.0017576453937287466     0.211688359405737     2.1396482357956955e-06     0.002044865914883087     0
0.006209348251818925     0.003307706194288465     0.00019595451218127358     0.1183415763520659     4.995945780678764e-06     -0.0007723227829281192     0
0.006937285233990453     0.0008272210636430338     -0.002410428541927761     -0.37480456064536566     3.897581580877229e-06     -0.0023356449009641327     0
0.007582779597885137     0.0014799749131940072     -0.001925504310771602     -0.18683116713474035     5.586522493529031e-06     -0.0021350557875948373     0
0.005015855530004575     0.002026174938394439     -0.00033316299409419197     -0.2336859571791078     2.0007381824154413e-06     5.21071815325955e-05     0
0.00976157414234989     0.0005679577854059292     -0.005603101571145276     0.3582171513557433     9.669534313609748e-06     -0.006954086120157385     0
0.09648841065148657     0.09637715331256042     0.04559808975176998     0.18056778391542894     0.0010246739890752128     0.0414962320191878     2
0.024160450324110502     -0.002697043996543237     -0.021999195737888     2.1856147954149745     2.126474779085267e-05     -0.022560695515730367     0
0.011674500384880455     -0.006692954118785104     -0.011992448288141916     -0.6431033469650177     9.303943158229114e-06     -0.010620461622380992     0
0.004231499541436517     -0.0021703320118898043     -0.00427590324841225     0.1584836648431234     9.442187020336188e-07     -0.004360503094955248     0
0.0028450764569782194     0.00039443404993622685     -0.00140288277872859     0.858121018687239     5.903913948391327e-07     -0.001688663479771288     0
0.005775730865110705     0.0033100830165400633     0.0016499635602030662     -1.203438374060704     3.067671640842182e-06     0.0025019435967820873     0
0.010998763738383805     0.008515169198765143     0.002573854072074691     0.386486244271371     1.0274400371447057e-05     0.0014536596486404139     0
0.00958497432700054     0.008520327995513059     0.0027022751280466883     0.6963143555418514     5.488096185112278e-06     0.0023560918450360054     0
0.004401744033640773     0.0019682929063910425     0.00012374696235224202     -0.6128840282478233     1.7857103098768385e-06     0.0007467915055536379     0
0.007779986344468407     0.0025573334416859935     -0.001571974665941947     0.1732992058754951     5.833933410585447e-06     -0.0017930399524350399     0
0.009784341871164887     0.00023520276752096958     -0.004412133497632811     -0.15446739181838834     8.469188595557517e-06     -0.003905664354311521     0
0.025324800814926284     0.021614705374925436     0.0014529312317513366     2.2963451188256503     2.5356330160231964e-05     0.00039158670650662575     0
0.11025057179318416     0.08352464011563068     0.04120207240510744     -0.48216841348986567     0.0013887348116636972     0.05162582635287039     2
0.019612720090567456     -0.014544829239736025     -0.02407879927053779     -0.11526054713818228     4.59737030409923e-05     -0.02329069285107939     0
0.01408585123754484     -0.00028639351431142534     -0.006736746134479887     -0.10858187095400411     2.3074978708753607e-05     -0.0061472503060162175     0
0.005176282497820494     -0.003381832661961776     -0.0056635012359400735     -0.40706908539201503     2.5789789438358163e-06     -0.004625752308051922     0
0.005332492136606819     0.0018143346314365009     -0.000661484873687063     -0.2477865193186795     2.498543940421265e-06     -0.0004683562685688824     0
0.004785237649819996     0.0013529002847105349     -0.0017760015777770527     1.001669146943656     2.215186745475357e-06     -0.002265057689829512     0
0.005791151426390429     0.0038171111795644035     0.0005981589681080218     0.2790911171479135     3.590474171422552e-06     0.0008528428775598894     0
0.0035768619861793554     0.0025887220933634115     0.0007293342595804496     -0.006866911113404841     9.75605754185419e-07     0.0006336902161021861     0
0.0020945004500816933     -0.0010748791159178699     -0.0018916937814537622     -0.28072014271865686     3.349787806652984e-07     -0.0019029324995940597     0
0.0059998315875241775     0.005218475785220126     0.003042496729444193     -0.49192524571820767     2.0970510693682654e-06     0.0030253141814924923     0
0.005828146329384526     0.006065039883378437     0.003082674764656971     -0.00852678135684007     3.1943391939386123e-06     0.0030583843415786616     0
0.0038389366336181664     0.00586430966041151     0.00390722688820535     0.43577750449671726     1.215454548672234e-06     0.00360731728948323     0
0.010895241046907407     0.004567548463883349     0.0016047342102175673     -1.4944409561739707     7.569227790170923e-06     0.0022038272806213176     0
0.11725664147449141     0.1109266534731376     0.06307964730754942     -0.47715538147262115     0.0016637425715725592     0.07345969624945337     2
0.06660341079060327     0.028729462434208975     -0.02813892754777802     2.1387296822088473     0.00024742566598104116     -0.03479672273668934     1
0.01475770252551787     -0.01739008166414773     -0.02448856801538957     -0.15637859032000753     1.4808338176600699e-05     -0.023329972498077625     0
0.002867541881594991     -0.014474370617568249     -0.015784812101885946     -0.13141805438325577     8.786460589853677e-07     -0.01590275300812854     0
0.010062932125416752     -0.004675019645651018     -0.007904215919561173     -1.0569001824540267     8.703293711400324e-06     -0.006974274513828925     0
0.003447900562514576     -0.0012906272841177772     -0.0027317640519544223     -0.6492933246758122     8.213602871411935e-07     -0.00259431670136776     0
0.004202735946361872     0.0019039625334105125     -5.379010894912534e-05     -0.25959090501644955     1.6994413797225863e-06     0.00012510350161643006     0
0.0047032080760299865     0.0013570965251469514     -0.0007779953537594502     -0.36059776278647104     1.794193606486537e-06     -0.0005998556814078157     0
0.00435313460686461     0.004263091021366691     0.001978846539462269     0.3207637195850949     1.6999471730503342e-06     0.0015434738872610492     0
0.007851699990394883     0.007293670436705844     0.002600388889185725     0.30661154731056006     7.137089982553173e-06     0.002282222235870827     0
0.005752410188685855     0.010013879141993748     0.006845638697243267     0.5160089528945779     3.373029135573595e-06     0.006164669801509271     0
0.002786955583987384     0.004906856808068826     0.003852118578612078     -0.8654555491875225     6.623440459336107e-07     0.004257275973697179     0
0.006407026476511717     0.006838372354651701     0.0034673031489636285     0.0010779962824977467     4.520369271109841e-06     0.003549672736379447     0
0.005830227747094574     0.0033282501384661743     0.0007020525956460678     0.022183630276932566     3.958544199693116e-06     0.0002559335352349498     0
0.004158264925997061     0.0039182128479346105     0.001522338117039262     0.2665681680012901     1.5454178636369857e-06     0.0014715837335214097     0
0.004933060907171479     0.005606136625209186     0.0028910650905892496     0.3537885054415495     2.6061149440280075e-06     0.002425984949962997     0
0.008143028921599547     0.0029938645600360433     0.0006452736048800118     -1.1903669874346283     3.6318904829231756e-06     0.0009226071415734284     0
0.176390342895337     0.16742921150611403     0.07112927943314312     0.09027683752999607     0.004171943777741261     0.07698287578474479     1
0.11965652762957035     0.07058993934851084     -0.025410937634006696     1.4640966618587918     0.0010318999773920195     -0.04275010859138884     1
0.014863409621839949     -0.03110702904319735     -0.04109548219234053     0.8724882061299793     2.3612380950644477e-05     -0.04326044845315543     0
0.011377284363069357     -0.019517463813918404     -0.026088335907377393     0.17091888374899292     1.580815881084522e-05     -0.02661249828119637     0
0.009166510511730536     -0.010156432638863424     -0.014138019712402958     -0.3660939972355032     8.508834758690233e-06     -0.013705505127629428     0
0.006289252947420641     -0.0038317201105796954     -0.006338437958710913     -1.058457920312564     3.5510285441886276e-06     -0.005585124415826423     0
0.005281301168622628     -0.00017566031781129443     -0.002737355185934752     -0.14578534702759402     2.69419761563213e-06     -0.0022649328656090366     0
